Polaris 1.97 2 31 48 89 15 51 -3.64 F 7 430
Andromeda-1 3.6 23 0 54 42 12 27 3.6 B 6 300 
Andromeda-7 4.62 23 11 32 49 17 9 3.0 F 0 65 
Andromeda-16 4.0 23 36 29 46 20 20 3.0 K 0 85
Andromeda-17 4.28 23 37 3 43 8 46 -0.3 B 8 270
Andromeda-19 4.33 23 37 19 44 12 13 0.3 A 0 200
Andromeda-21 2.06 0 7 15 28 48 8 -0.1 A 0 90
Andromeda-24 4.44 0 15 56 38 33 34 1.2 A 2 140
Andromeda-25 4.51 0 17 10 36 39 48 0.5 A 2 200
Andromeda-29 4.44 0 35 42 33 35 54 -1.3 B 3 450
Andromeda-30 4.52 0 37 23 29 11 23 2.2 G 6 90
Andromeda-31 3.25 0 38 2 30 43 17 -0.2 K 2 160
Andromeda-35 4.42 0 48 36 40 57 34 -1.1 B 3 400
Andromeda-37 3.94 0 55 32 38 22 49 1.8 A 2 85
Andromeda-38 4.62 0 56 2 23 17 57 -0.6 G 5 350
Andromeda-42 4.28 1 8 13 47 7 30 -1.5 B 8 450
Andromeda-43 2.02 1 8 30 35 15 0.2 M 0 76
Andromeda-51 3.77 1 36 38 48 31 2 0.2 K 0 170
Andromeda-57 2.14 2 2 33 42 13 39 -2.4 K 3 260
Antila-E 4.64 9 28 20 -35 51 17 -0.8 K 2 400
Antila-Alpha 4.42 10 26 9 -30 57 19 -0.6 K 5 325
Antila-i 4.70 10 55 41 -37 1 10 0.4 K 0 230
Apus-Alpha 3.81 14 45 4 -78 57 11 -0.5  K 5 230
Apus-d 4.2 16 12 48 -78 34 26 0.7 M 5 200
Apus-y 3.9 16 30 1 -78 51 2 1.4 K 0 100
Apus-b 4.16 16 39 54 -77 28 27 1.5 K 0 100
Apus-5 4.74 17 19 41 -67 44 58 -0.3 K 2 320
Aquarius-Albali 3.83 20 46 29 -9 34 38 0.2 A 0 170
Aquarius-k 4.6 20 46 35 -0.5 6 33 -0.6 M 0 350
Aquarius-v 4.52 21 8 24 -11 27 42 0.7 K 0 200
Aquarius-Sadalsuud 2.86 21 30 24 -5 40 7 -4.6 G 0 1000
Aquarius-o 4.66 22 2 11 -2 15 44 -0.3 B 5 320
Aquarius-Sadalmelik 2.96 22 4 39 -0 25 38 -4.6 G 1 1080
Aquarius-i 4.35 22 5 15 -13 58 37 -0.1 B 8 250
Aquarius-Ancha 4.32 22 15 40 -7 53 36 0.5 K 0 190
Aquarius-Sadachiba 3.97 22 20 31 -1 29 55 1.9 A 0 85
Aquarius-pi 4.64 22 24 9 1 15 55 -3.5 B 1 1300
Orion-b 0.08 5 13 29 -8 13 34 -7.1 B 8 900
Orion-alpha 0.4 5 53 59 7 24 15 -5.6 M 2 520
Orion-gamma 1.64 5 23 57 6 19 51 -4.2 B 2 470
Orion-e 1.7 5 35 6 -1 12 54 -6.8 B 0 1600
Orion-Alnitak 1.79 5 39 39 -1 57 12 -6.6 O 9 1600
Orion-Mintake 2.2 5 30 53 0 18 52 -6.1 O 9 1500
Orion-Saiph 2.06 5 46 43 -9 40 35 -6.9 B 0 2100
